Bubble sort
Random
Size	            50000	   55000	  60000	  65000	  70000	  75000	  80000	  85000	  90000	  95000
Time Consuming(s)	11.9022	 14.4093	17.1419	20.0828	23.2771	26.7687	30.5107	34.4655	38.5707	43.0155

Ascending
Size	            50000000	55000000	60000000	65000000	70000000	75000000	80000000	85000000	90000000	95000000
Time Consuming(s)       0.112277	0.150167	0.150271	0.146059	0.157464	0.168468	0.180067	0.190845	0.217903	0.214628


Descending
Size	            50000	  55000	  60000	  65000	  70000	  75000	  80000	  85000	  90000	  95000
Time Consuming(s)	11.9061	14.3779	17.2053	20.1728	23.3845	26.8005	30.6808	34.4099	38.8335	43.248


Insertion sort
Random
Size	            50000	  55000	  60000	  65000	  70000	  75000	  80000	  85000	  90000	  95000
Time Consuming(s)	1.6597	2.01508	2.41264	2.8098	3.27118	3.79151	4.20025	4.81647	5.45473	6.0473

Ascending
Size	            500000	  550000	600000	  650000	  700000	750000	  800000	  850000	  900000	950000
Time Consuming(s)	0.002393	0.00262	0.002852	0.003103	0.00327	0.003537	0.003782	0.004027	0.0043	0.004511

Descending
Size	            50000	  55000	  60000	  65000	  70000	  75000	  80000	  85000	  90000	  95000
Time Consuming(s)	3.32706	4.00843	4.80567	5.64132	6.52755	7.41145	8.52592	9.65689	10.8366	11.9399


Merge sort
Random
Size	            50000	    55000	    60000	    65000	    70000	    75000	    80000	    85000	    90000	    95000
Time Consuming(s)	0.011141	0.011305	0.012425	0.014624	0.015851	0.017137	0.017252	0.018814	0.019875	0.021521

Ascending
Size	            500000	  550000	  600000	  650000	700000	  750000	  800000	  850000	  900000	  950000
Time Consuming(s)	0.049771	0.054993	0.060182	0.06386	0.067989	0.071409	0.077015	0.080856	0.088613	0.093026

Descending
Size	            50000	  55000	    60000	  65000	    70000	    75000	    80000	    85000	    90000	    95000
Time Consuming(s)	0.00624	0.006703	0.00764	0.008838	0.008931	0.009196	0.008483	0.009844	0.010154	0.010935


Quick sort
Random
Size	            50000	  55000	    60000	    65000	    70000	    75000	    80000	    85000	    90000	    95000
Time Consuming(s)	0.00949	0.010762	0.011294	0.012095	0.012316	0.013965	0.015207	0.016132	0.017128	0.018256

Ascending
Size	            500000	  550000	  600000	  650000	  700000	  750000	  800000	  850000	900000	  950000
Time Consuming(s)	0.043704	0.051291	0.062097	0.098385	0.100094	0.074402	0.082431	0.08787	0.106277	0.096019

Descending
Size	            50000	    55000	  60000	    65000	    70000	    75000	    80000	    85000	    90000	    95000
Time Consuming(s)	0.007184	0.07577	0.007291	0.008409	0.008778	0.008858	0.012922	0.010955	0.011034	0.012739


Selection sort
Random
Size	            50000	  55000	  60000	  65000	  70000	  75000	  80000	  85000	  90000	  95000
Time Consuming(s)	2.59928	3.13535	3.72326	4.3552	5.02921	5.79107	6.61668	7.43604	8.33945	9.29378

Ascending
Size	            50000	  55000	  60000	  65000	  70000	  75000	  80000	  85000	  90000	  95000
Time Consuming(s)	2.57024	3.09922	3.6834	4.31126	5.00837	5.76951	6.67278	7.40613	8.33794	9.3703

Descending
Size	            50000	  55000	  60000	  65000	  70000	  75000	  80000	  85000	  90000	  95000
Time Consuming(s)	2.57398	3.10882	3.68083	4.30971	5.01108	5.74095	6.55058	7.4102	8.29169	9.2388
